
SYMMETRICAL COMPONENT PHASE-PHASE VOLTAGES BY BUS (for 3-phase buses)

Bus        Mag:   V1 (kV)    p.u.     V2 (kV)   %V2/V1    V0 (kV)    %V0/V1

sourcebus       115          1  4.877E-008  4.241E-008 1.455E-014 1.265E-014
ewym8115        115          1  4.877E-008  4.241E-008 1.312E-014 1.141E-014
ewym3115        115          1  4.877E-008  4.241E-008 7.276E-015 6.327E-015
rock123          23          1  1.124E-008  4.887E-008 2.034E-015 8.842E-015
brun1xtp         23          1  1.124E-008  4.887E-008 2.572E-015 1.118E-014
ewym23b2         23          1  1.124E-008  4.887E-008 3.279E-015 1.426E-014
rock223          23          1  1.124E-008  4.887E-008 2.728E-015 1.186E-014
cenh23           23          1  1.124E-008  4.887E-008 2.034E-015 8.842E-015
ewym23b1         23          1  1.124E-008  4.887E-008 2.034E-015 8.842E-015
rockst1        13.8          1  6.744E-009  4.887E-008 1.875E-015 1.359E-014
rockst2        13.8          1  6.744E-009  4.887E-008 1.438E-015 1.042E-014
l1-1           13.8          1  6.744E-009  4.887E-008 1.438E-015 1.042E-014
l1-2           13.8          1  6.744E-009  4.887E-008 1.64E-015 1.188E-014
l1-3           13.8          1  6.744E-009  4.887E-008 1.64E-015 1.188E-014
l1-4           13.8          1  6.744E-009  4.887E-008 9.095E-016 6.591E-015
l1-5           13.8          1  6.744E-009  4.887E-008 1.286E-015 9.32E-015
l1-6           13.8          1  6.744E-009  4.887E-008 1.017E-015 7.368E-015
l1-7           13.8          1  6.744E-009  4.887E-008 1.438E-015 1.042E-014
l1-8           13.8          1  6.744E-009  4.887E-008 1.286E-015 9.32E-015
l1-9           13.8          1  6.744E-009  4.887E-008 1.64E-015 1.188E-014
l1-10          13.8          1  6.744E-009  4.887E-008 1.286E-015 9.32E-015
l1-11          13.8          1  6.744E-009  4.887E-008 1.875E-015 1.359E-014
l1-12          13.8          1  6.744E-009  4.887E-008 1.64E-015 1.188E-014
l1-13          13.8          1  6.744E-009  4.887E-008 1.64E-015 1.188E-014
l1-14          13.8          1  6.744E-009  4.887E-008 1.438E-015 1.042E-014
l1-15          13.8          1  6.744E-009  4.887E-008 1.017E-015 7.368E-015
l1-16          13.8          1  6.744E-009  4.887E-008 6.431E-016 4.66E-015
l1-17          13.8          1  6.744E-009  4.887E-008 1.819E-015 1.318E-014
l1-18          13.8          1  6.744E-009  4.887E-008 1.364E-015 9.886E-015
l1-19          13.8          1  6.744E-009  4.887E-008 1.286E-015 9.32E-015
l1-20          13.8          1  6.744E-009  4.887E-008 1.64E-015 1.188E-014
l2-1           13.8          1  6.744E-009  4.887E-008 6.431E-016 4.66E-015
l2-2           13.8          1  6.744E-009  4.887E-008 1.017E-015 7.368E-015
l2-3           13.8          1  6.744E-009  4.887E-008 1.017E-015 7.368E-015
l2-4           13.8          1  6.744E-009  4.887E-008 1.017E-015 7.368E-015
l2-5           13.8          1  6.744E-009  4.887E-008 1.64E-015 1.188E-014
l2-6           13.8          1  6.744E-009  4.887E-008 1.438E-015 1.042E-014
l2-7           13.8          1  6.744E-009  4.887E-008 1.438E-015 1.042E-014
l2-8           13.8          1  6.744E-009  4.887E-008 1.438E-015 1.042E-014
l2-9           13.8          1  6.744E-009  4.887E-008 1.017E-015 7.368E-015
l2-10          13.8          1  6.744E-009  4.887E-008 1.286E-015 9.32E-015
l2-11          13.8          1  6.744E-009  4.887E-008 1.438E-015 1.042E-014
l2-12          13.8          1  6.744E-009  4.887E-008 1.64E-015 1.188E-014
l2-13          13.8          1  6.744E-009  4.887E-008 1.017E-015 7.368E-015
l2-14          13.8          1  6.744E-009  4.887E-008 1.286E-015 9.32E-015
l2-15          13.8          1  6.744E-009  4.887E-008 1.286E-015 9.32E-015
l3-1           13.8          1  6.744E-009  4.887E-008 1.017E-015 7.368E-015
l3-2           13.8          1  6.744E-009  4.887E-008 1.017E-015 7.368E-015
